p_1: 291 [1 13 2 15 9 5 7 3 12 14 10 8 6 4 11 1]
p_2: 2085
p_3: 9
p_4: 33551 [1 8 38 31 44 18 7 28 6 37 19 27 17 43 30 36 46 33 20 47 21 32 39 48 5 42 24 10 45 35 4 26 2 29 34 41 16 22 3 23 14 25 13 11 12 15 40 9 1]
p_5: 699
p_6: 937 [1 25 24 23 26 22 21 17 18 20 19 16 11 12 13 15 14 10 9 8 7 5 6 4 3 2 1]
p_7: 88
p_8: 159
p_9: 857
p_10: 2020 [1 28 6 12 9 5 26 29 3 2 20 10 4 15 18 17 14 22 11 19 25 7 23 27 8 24 16 13 21]
c_1: 7013 [1 14 13 12 7 6 15 5 11 9 10 19 20 21 16 3 2 17 22 4 18 8]
c_2: 2579
c_3: 10628
c_4: 21282